4,140,179,216
8,188,128,139
3,144,191,133
3,191,136,133
1,126,147,175
8,182,128,188
22,335,323,419
16,164,212,279
23,349,423,276
22,426,330,419
22,419,330,335
16,430,352,279
16,279,212,430
10,434,152,229
25,380,437,392
15,245,364,163
10,230,441,229
10,229,441,434
25,445,387,392
25,392,437,445
26,411,399,449
18,168,256,316
12,201,453,157
26,456,406,449
26,449,406,411
18,460,311,316
18,316,256,460
14,252,160,371
26,399,400,449
12,453,235,157
14,286,251,371
14,371,251,252
26,469,456,449
26,449,400,469
19,326,171,473
9,150,207,197
21,305,477,265
19,480,320,473
19,473,320,326
9,484,196,197
9,197,207,484
10,219,152,434
23,342,343,489
25,492,437,380
10,441,218,434
10,434,218,219
23,497,423,489
23,489,343,497
57,329,269,502
42,165,331,351
82,353,491,342
57,414,209,502
57,502,209,329
42,505,221,351
42,351,331,505
30,506,153,359
66,290,507,386
41,388,357,162
30,225,415,359
30,359,415,506
66,511,242,386
66,386,507,511
69,405,297,512
46,169,407,310
35,312,514,156
69,416,253,512
69,512,253,405
46,517,198,310
46,310,407,517
38,294,161,285
69,297,295,512
35,514,284,156
38,186,190,285
38,285,190,294
69,520,416,512
69,512,295,520
49,319,170,521
28,151,321,258
53,259,523,261
49,417,203,521
49,521,203,319
28,526,174,258
28,258,321,526
30,273,153,506
60,276,274,425
66,528,507,290
30,415,181,506
30,506,181,273
60,531,418,425
60,425,274,531
77,210,205,532
79,333,332,533
105,534,494,492
77,420,334,532
77,532,334,210
79,535,421,533
79,533,332,535
58,271,272,536
43,141,180,183
61,277,537,223
58,422,270,536
58,536,270,271
43,538,278,183
43,183,180,538
104,539,530,528
83,224,540,350
60,220,418,182
104,425,424,528
104,528,424,539
83,541,348,350
83,350,540,541
78,503,213,542
100,489,504,499
105,545,544,492
78,428,427,542
78,542,427,503
100,548,429,499
100,499,504,548
78,542,213,211
79,533,337,333
105,492,544,534
78,542,336,428
78,211,336,542
79,533,421,551
79,551,337,533
84,543,354,355
106,547,546,552
61,553,222,223
84,356,431,355
84,355,431,543
106,554,432,552
106,552,546,554
58,536,272,549
106,552,550,547
61,223,537,553
58,536,433,422
58,549,433,536
106,552,432,555
106,555,550,552
31,556,129,184
107,560,559,561
62,565,281,282
31,280,435,184
31,184,435,556
107,568,436,561
107,561,559,568
110,570,569,571
92,238,575,243
94,389,578,390
110,439,438,571
110,571,438,570
92,581,391,243
92,243,575,581
86,582,362,360
67,293,585,292
40,189,226,138
86,363,440,360
86,360,440,582
67,589,291,292
67,292,585,589
101,509,508,590
85,358,510,365
62,366,592,282
101,443,442,590
101,590,442,509
85,595,228,365
85,365,510,595
101,590,508,596
107,561,597,560
62,282,592,565
101,590,444,443
101,596,444,590
107,561,436,600
107,600,597,561
93,591,246,244
114,594,593,601
94,602,394,390
93,393,446,244
93,244,446,591
114,603,447,601
114,601,593,603
110,571,569,598
114,601,599,594
94,390,578,602
110,571,448,439
110,598,448,571
114,601,447,607
114,607,599,601
97,254,249,608
99,409,408,610
115,612,611,613
97,450,410,608
97,608,410,254
99,616,451,610
99,610,408,616
70,299,300,617
47,145,192,199
74,313,618,314
70,452,298,617
70,617,298,299
47,619,315,199
47,199,192,619
117,621,620,622
54,264,625,263
34,176,626,132
117,455,454,622
117,622,454,621
54,628,262,263
54,263,625,628
98,513,257,629
102,516,515,630
115,633,632,613
98,458,457,629
98,629,457,513
102,636,459,630
102,630,515,636
98,629,257,255
99,610,413,409
115,613,632,612
98,629,412,458
98,255,412,629
99,610,451,639
99,639,413,610
73,631,202,200
119,635,634,640
74,641,318,314
73,317,461,200
73,200,461,631
119,642,462,640
119,640,634,642
70,617,300,637
119,640,638,635
74,314,618,641
70,617,463,452
70,637,463,617
119,640,462,645
119,645,638,640
39,247,137,232
95,396,395,646
89,647,372,373
39,370,397,232
39,232,397,247
95,648,464,646
95,646,395,648
96,401,402,649
97,249,248,608
115,611,650,613
96,465,398,649
96,649,398,401
97,651,450,608
97,608,248,651
88,652,368,367
117,620,653,622
34,626,231,132
88,369,466,367
88,367,466,652
117,654,455,622
117,622,653,654
68,518,296,655
64,234,519,233
89,374,657,373
68,468,467,655
68,655,467,518
64,660,375,233
64,233,519,660
68,655,296,404
95,646,403,396
89,373,657,647
68,655,250,468
68,404,250,655
95,646,464,663
95,663,403,646
102,656,516,630
120,659,658,664
115,665,633,613
102,459,470,630
102,630,470,656
120,666,471,664
120,664,658,666
96,649,402,661
120,664,662,659
115,613,650,665
96,649,472,465
96,661,472,649
120,664,471,667
120,667,662,664
48,204,146,609
76,324,322,669
116,672,614,615
48,474,325,609
48,609,325,204
76,675,475,669
76,669,322,675
56,267,268,676
29,127,178,193
71,301,680,302
56,476,266,676
56,676,266,267
29,683,303,193
29,193,178,683
118,684,623,624
72,307,687,306
55,194,627,177
118,479,478,624
118,624,478,684
72,691,304,306
72,306,687,691
75,522,208,692
103,525,524,644
116,643,694,615
75,482,481,692
75,692,481,522
103,697,483,644
103,644,524,697
75,692,208,206
76,669,328,324
116,615,694,672
75,692,327,482
75,206,327,692
76,669,475,700
76,700,328,669
52,693,260,309
124,696,695,701
71,702,308,302
52,195,485,309
52,309,485,693
124,703,486,701
124,701,695,703
56,676,268,698
124,701,699,696
71,302,680,702
56,676,487,476
56,698,487,676
124,701,486,707
124,707,699,701
31,214,129,556
80,339,338,708
107,709,559,560
31,435,340,556
31,556,340,214
80,710,488,708
80,708,338,710
81,344,345,711
82,216,215,414
100,502,712,426
81,490,341,711
81,711,341,344
82,713,491,414
82,414,215,713
110,714,569,570
105,419,715,420
92,532,575,238
110,438,493,570
110,570,493,714
105,716,494,420
105,420,715,716
59,527,275,717
101,508,529,596
107,597,719,560
59,496,495,717
59,717,495,527
101,722,444,596
101,596,529,722
59,717,275,347
80,708,346,339
107,560,719,709
59,717,217,496
59,347,217,717
80,708,488,725
80,725,346,708
104,718,530,545
125,721,720,726
100,727,429,426
104,499,498,545
104,545,498,718
125,728,500,726
125,726,720,728
81,711,345,723
125,726,724,721
100,426,712,727
81,711,501,490
81,723,501,711
125,726,500,729
125,729,724,726
179,209,57,414
140,42,209,221
216,221,414,82
179,216,140,414
179,414,140,209
140,414,216,221
140,221,209,414
128,415,30,225
188,66,415,242
139,242,225,41
128,139,188,225
128,225,188,415
188,225,139,242
188,242,415,225
191,253,69,416
144,46,253,198
133,198,416,35
191,133,144,416
191,416,144,253
144,416,133,198
144,198,253,416
136,190,38,186
191,69,190,416
133,416,186,35
136,133,191,186
136,186,191,190
191,186,133,416
191,416,190,186
147,203,49,417
126,28,203,174
175,174,417,53
147,175,126,417
147,417,126,203
126,417,175,174
126,174,203,417
128,181,30,415
182,60,181,418
188,418,415,66
128,188,182,415
128,415,182,181
182,415,188,418
182,418,181,415
323,334,77,420
335,79,334,421
419,421,420,105
323,419,335,420
323,420,335,334
335,420,419,421
335,421,334,420
212,270,58,422
164,43,270,278
279,278,422,61
212,279,164,422
212,422,164,270
164,422,279,278
164,278,270,422
423,424,104,425
349,83,424,348
276,348,425,60
423,276,349,425
423,425,349,424
349,425,276,348
349,348,424,425
330,427,78,428
426,100,427,429
419,429,428,105
330,419,426,428
330,428,426,427
426,428,419,429
426,429,427,428
330,428,78,336
335,421,336,79
419,105,428,421
330,428,335,419
330,336,335,428
335,421,419,428
335,428,336,421
352,431,84,356
430,106,431,432
279,432,356,61
352,279,430,356
352,356,430,431
430,356,279,432
430,432,431,356
212,422,58,433
430,432,433,106
279,61,422,432
212,422,430,279
212,433,430,422
430,432,279,422
430,422,433,432
152,435,31,280
434,107,435,436
229,436,280,62
152,229,434,280
152,280,434,435
434,280,229,436
434,436,435,280
437,438,110,439
380,92,438,391
392,391,439,94
437,392,380,439
437,439,380,438
380,439,392,391
380,391,438,439
364,440,86,363
245,67,440,291
163,291,363,40
364,163,245,363
364,363,245,440
245,363,163,291
245,291,440,363
441,442,101,443
230,85,442,228
229,228,443,62
441,229,230,443
441,443,230,442
230,443,229,228
230,228,442,443
441,443,101,444
434,436,444,107
229,62,443,436
441,443,434,229
441,444,434,443
434,436,229,443
434,443,444,436
387,446,93,393
445,114,446,447
392,447,393,94
387,392,445,393
387,393,445,446
445,393,392,447
445,447,446,393
437,439,110,448
445,447,448,114
392,94,439,447
437,439,445,392
437,448,445,439
445,447,392,439
445,439,448,447
399,410,97,450
411,99,410,451
449,451,450,115
399,449,411,450
399,450,411,410
411,450,449,451
411,451,410,450
256,298,70,452
168,47,298,315
316,315,452,74
256,316,168,452
256,452,168,298
168,452,316,315
168,315,298,452
453,454,117,455
201,54,454,262
157,262,455,34
453,157,201,455
453,455,201,454
201,455,157,262
201,262,454,455
406,457,98,458
456,102,457,459
449,459,458,115
406,449,456,458
406,458,456,457
456,458,449,459
456,459,457,458
406,458,98,412
411,451,412,99
449,115,458,451
406,458,411,449
406,412,411,458
411,451,449,458
411,458,412,451
311,461,73,317
460,119,461,462
316,462,317,74
311,316,460,317
311,317,460,461
460,317,316,462
460,462,461,317
256,452,70,463
460,462,463,119
316,74,452,462
256,452,460,316
256,463,460,452
460,462,316,452
460,452,463,462
160,397,39,370
252,95,397,464
371,464,370,89
160,371,252,370
160,370,252,397
252,370,371,464
252,464,397,370
400,398,96,465
399,97,398,450
449,450,465,115
400,449,399,465
400,465,399,398
399,465,449,450
399,450,398,465
235,466,88,369
453,117,466,455
157,455,369,34
235,157,453,369
235,369,453,466
453,369,157,455
453,455,466,369
251,467,68,468
286,64,467,375
371,375,468,89
251,371,286,468
251,468,286,467
286,468,371,375
286,375,467,468
251,468,68,250
252,464,250,95
371,89,468,464
251,468,252,371
251,250,252,468
252,464,371,468
252,468,250,464
456,470,102,459
469,120,470,471
449,471,459,115
456,449,469,459
456,459,469,470
469,459,449,471
469,471,470,459
400,465,96,472
469,471,472,120
449,115,465,471
400,465,469,449
400,472,469,465
469,471,449,465
469,465,472,471
171,325,48,474
326,76,325,475
473,475,474,116
171,473,326,474
171,474,326,325
326,474,473,475
326,475,325,474
207,266,56,476
150,29,266,303
197,303,476,71
207,197,150,476
207,476,150,266
150,476,197,303
150,303,266,476
477,478,118,479
305,72,478,304
265,304,479,55
477,265,305,479
477,479,305,478
305,479,265,304
305,304,478,479
320,481,75,482
480,103,481,483
473,483,482,116
320,473,480,482
320,482,480,481
480,482,473,483
480,483,481,482
320,482,75,327
326,475,327,76
473,116,482,475
320,482,326,473
320,327,326,482
326,475,473,482
326,482,327,475
196,485,52,195
484,124,485,486
197,486,195,71
196,197,484,195
196,195,484,485
484,195,197,486
484,486,485,195
207,476,56,487
484,486,487,124
197,71,476,486
207,476,484,197
207,487,484,476
484,486,197,476
484,476,487,486
152,340,31,435
219,80,340,488
434,488,435,107
152,434,219,435
152,435,219,340
219,435,434,488
219,488,340,435
343,341,81,490
342,82,341,491
489,491,490,100
343,489,342,490
343,490,342,341
342,490,489,491
342,491,341,490
437,493,110,438
492,105,493,494
380,494,438,92
437,380,492,438
437,438,492,493
492,438,380,494
492,494,493,438
218,495,59,496
441,101,495,444
434,444,496,107
218,434,441,496
218,496,441,495
441,496,434,444
441,444,495,496
218,496,59,217
219,488,217,80
434,107,496,488
218,496,219,434
218,217,219,496
219,488,434,496
219,496,217,488
423,498,104,499
497,125,498,500
489,500,499,100
423,489,497,499
423,499,497,498
497,499,489,500
497,500,498,499
343,490,81,501
497,500,501,125
489,100,490,500
343,490,497,489
343,501,497,490
497,500,489,490
497,490,501,500
269,330,22,426
329,78,330,427
502,427,426,100
269,502,329,426
269,426,329,330
329,426,502,427
329,427,330,426
331,213,78,503
165,16,213,352
351,352,503,84
331,351,165,503
331,503,165,213
165,503,351,352
165,352,213,503
491,504,100,489
353,84,504,354
342,354,489,23
491,342,353,489
491,489,353,504
353,489,342,354
353,354,504,489
209,221,42,505
414,82,221,491
502,491,505,100
209,502,414,505
209,505,414,221
414,505,502,491
414,491,221,505
209,505,42,331
329,427,331,78
502,100,505,427
209,505,329,502
209,331,329,505
329,427,502,505
329,505,331,427
221,491,82,353
505,100,491,504
351,504,353,84
221,351,505,353
221,353,505,491
505,353,351,504
505,504,491,353
331,503,78,427
505,504,427,100
351,84,503,504
331,503,505,351
331,427,505,503
505,504,351,503
505,503,427,504
153,441,10,230
506,101,441,442
359,442,230,85
153,359,506,230
153,230,506,441
506,230,359,442
506,442,441,230
507,508,101,509
290,25,508,387
386,387,509,93
507,386,290,509
507,509,290,508
290,509,386,387
290,387,508,509
357,510,85,358
388,93,510,246
162,246,358,15
357,162,388,358
357,358,388,510
388,358,162,246
388,246,510,358
415,242,66,511
225,41,242,357
359,357,511,85
415,359,225,511
415,511,225,242
225,511,359,357
225,357,242,511
415,511,66,507
506,442,507,101
359,85,511,442
415,511,506,359
415,507,506,511
506,442,359,511
506,511,507,442
242,357,41,388
511,85,357,510
386,510,388,93
242,386,511,388
242,388,511,357
511,388,386,510
511,510,357,388
507,509,101,442
511,510,442,85
386,93,509,510
507,509,511,386
507,442,511,509
511,510,386,509
511,509,442,510
297,406,26,456
405,98,406,457
512,457,456,102
297,512,405,456
297,456,405,406
405,456,512,457
405,457,406,456
407,257,98,513
169,18,257,311
310,311,513,73
407,310,169,513
407,513,169,257
169,513,310,311
169,311,257,513
514,515,102,516
312,73,515,202
156,202,516,12
514,156,312,516
514,516,312,515
312,516,156,202
312,202,515,516
253,198,46,517
416,35,198,514
512,514,517,102
253,512,416,517
253,517,416,198
416,517,512,514
416,514,198,517
253,517,46,407
405,457,407,98
512,102,517,457
253,517,405,512
253,407,405,517
405,457,512,517
405,517,407,457
198,514,35,312
517,102,514,515
310,515,312,73
198,310,517,312
198,312,517,514
517,312,310,515
517,515,514,312
407,513,98,457
517,515,457,102
310,73,513,515
407,513,517,310
407,457,517,513
517,515,310,513
517,513,457,515
161,251,14,286
294,68,251,467
285,467,286,64
161,285,294,286
161,286,294,251
294,286,285,467
294,467,251,286
295,296,68,518
297,26,296,456
512,456,518,102
295,512,297,518
295,518,297,296
297,518,512,456
297,456,296,518
284,519,64,234
514,102,519,516
156,516,234,12
284,156,514,234
284,234,514,519
514,234,156,516
514,516,519,234
190,416,69,520
186,35,416,284
285,284,520,64
190,285,186,520
190,520,186,416
186,520,285,284
186,284,416,520
190,520,69,295
294,467,295,68
285,64,520,467
190,520,294,285
190,295,294,520
294,467,285,520
294,520,295,467
416,284,35,514
520,64,284,519
512,519,514,102
416,512,520,514
416,514,520,284
520,514,512,519
520,519,284,514
295,518,68,467
520,519,467,64
512,102,518,519
295,518,520,512
295,467,520,518
520,519,512,518
520,518,467,519
170,320,19,480
319,75,320,481
521,481,480,103
170,521,319,480
170,480,319,320
319,480,521,481
319,481,320,480
321,208,75,522
151,9,208,196
258,196,522,52
321,258,151,522
321,522,151,208
151,522,258,196
151,196,208,522
523,524,103,525
259,52,524,260
261,260,525,21
523,261,259,525
523,525,259,524
259,525,261,260
259,260,524,525
203,174,28,526
417,53,174,523
521,523,526,103
203,521,417,526
203,526,417,174
417,526,521,523
417,523,174,526
203,526,28,321
319,481,321,75
521,103,526,481
203,526,319,521
203,321,319,526
319,481,521,526
319,526,321,481
174,523,53,259
526,103,523,524
258,524,259,52
174,258,526,259
174,259,526,523
526,259,258,524
526,524,523,259
321,522,75,481
526,524,481,103
258,52,522,524
321,522,526,258
321,481,526,522
526,524,258,522
526,522,481,524
153,218,10,441
273,59,218,495
506,495,441,101
153,506,273,441
153,441,273,218
273,441,506,495
273,495,218,441
274,275,59,527
276,23,275,423
425,423,527,104
274,425,276,527
274,527,276,275
276,527,425,423
276,423,275,527
507,529,101,508
528,104,529,530
290,530,508,25
507,290,528,508
507,508,528,529
528,508,290,530
528,530,529,508
181,418,60,531
415,66,418,507
506,507,531,101
181,506,415,531
181,531,415,418
415,531,506,507
415,507,418,531
181,531,60,274
273,495,274,59
506,101,531,495
181,531,273,506
181,274,273,531
273,495,506,531
273,531,274,495
418,507,66,528
531,101,507,529
425,529,528,104
418,425,531,528
418,528,531,507
531,528,425,529
531,529,507,528
274,527,59,495
531,529,495,101
425,104,527,529
274,527,531,425
274,495,531,527
531,529,425,527
531,527,495,529
205,143,2,238
210,45,143,237
532,237,238,92
205,532,210,238
205,238,210,143
210,238,532,237
210,237,143,238
332,166,45,382
333,17,166,383
533,383,382,91
332,533,333,382
332,382,333,166
333,382,533,383
333,383,166,382
494,379,92,380
534,91,379,381
492,381,380,25
494,492,534,380
494,380,534,379
534,380,492,381
534,381,379,380
334,421,79,535
420,105,421,494
532,494,535,92
334,532,420,535
334,535,420,421
420,535,532,494
420,494,421,535
334,535,79,332
210,237,332,45
532,92,535,237
334,535,210,532
334,332,210,535
210,237,532,535
210,535,332,237
421,494,105,534
535,92,494,379
533,379,534,91
421,533,535,534
421,534,535,494
535,534,533,379
535,379,494,534
332,382,45,237
535,379,237,92
533,91,382,379
332,382,535,533
332,237,535,382
535,379,533,382
535,382,237,379
272,167,17,377
271,44,167,376
536,376,377,90
272,536,271,377
272,377,271,167
271,377,536,376
271,376,167,377
180,142,44,236
141,6,142,131
183,131,236,33
180,183,141,236
180,236,141,142
141,236,183,131
141,131,142,236
537,378,90,241
277,33,378,154
223,154,241,11
537,223,277,241
537,241,277,378
277,241,223,154
277,154,378,241
270,278,43,538
422,61,278,537
536,537,538,90
270,536,422,538
270,538,422,278
422,538,536,537
422,537,278,538
270,538,43,180
271,376,180,44
536,90,538,376
270,538,271,536
270,180,271,538
271,376,536,538
271,538,180,376
278,537,61,277
538,90,537,378
183,378,277,33
278,183,538,277
278,277,538,537
538,277,183,378
538,378,537,277
180,236,44,376
538,378,376,90
183,33,236,378
180,236,538,183
180,376,538,236
538,378,183,236
538,236,376,378
530,289,25,290
539,65,289,288
528,288,290,66
530,528,539,290
530,290,539,289
539,290,528,288
539,288,289,290
540,240,65,287
224,11,240,155
350,155,287,32
540,350,224,287
540,287,224,240
224,287,350,155
224,155,240,287
418,187,66,188
220,32,187,130
182,130,188,8
418,182,220,188
418,188,220,187
220,188,182,130
220,130,187,188
424,348,83,541
425,60,348,418
528,418,541,66
424,528,425,541
424,541,425,348
425,541,528,418
425,418,348,541
424,541,83,540
539,288,540,65
528,66,541,288
424,541,539,528
424,540,539,541
539,288,528,541
539,541,540,288
348,418,60,220
541,66,418,187
350,187,220,32
348,350,541,220
348,220,541,418
541,220,350,187
541,187,418,220
540,287,65,288
541,187,288,66
350,32,287,187
540,287,541,350
540,288,541,287
541,187,350,287
541,287,288,187
213,352,16,430
503,84,352,431
542,431,430,106
213,542,503,430
213,430,503,352
503,430,542,431
503,431,352,430
504,354,84,543
489,23,354,423
499,423,543,104
504,499,489,543
504,543,489,354
489,543,499,423
489,423,354,543
544,546,106,547
545,104,546,530
492,530,547,25
544,492,545,547
544,547,545,546
545,547,492,530
545,530,546,547
427,429,100,548
428,105,429,544
542,544,548,106
427,542,428,548
427,548,428,429
428,548,542,544
428,544,429,548
427,548,100,504
503,431,504,84
542,106,548,431
427,548,503,542
427,504,503,548
503,431,542,548
503,548,504,431
429,544,105,545
548,106,544,546
499,546,545,104
429,499,548,545
429,545,548,544
548,545,499,546
548,546,544,545
504,543,84,431
548,546,431,106
499,104,543,546
504,543,548,499
504,431,548,543
548,546,499,543
548,543,431,546
213,430,16,212
211,433,212,58
542,106,430,433
213,430,211,542
213,212,211,430
211,433,542,430
211,430,212,433
337,549,58,272
333,383,272,17
533,91,549,383
337,549,333,533
337,272,333,549
333,383,533,549
333,549,272,383
544,547,106,550
534,381,550,91
492,25,547,381
544,547,534,492
544,550,534,547
534,381,492,547
534,547,550,381
336,551,79,421
428,544,421,105
542,106,551,544
336,551,428,542
336,421,428,551
428,544,542,551
428,551,421,544
336,337,79,551
211,58,337,433
542,433,551,106
336,542,211,551
336,551,211,337
211,551,542,433
211,433,337,551
421,534,105,544
551,550,544,106
533,91,534,550
421,534,551,533
421,544,551,534
551,550,533,534
551,534,544,550
337,433,58,549
551,106,433,550
533,550,549,91
337,533,551,549
337,549,551,433
551,549,533,550
551,550,433,549
354,423,23,349
543,104,423,424
355,424,349,83
354,355,543,349
354,349,543,423
543,349,355,424
543,424,423,349
546,530,104,539
547,25,530,289
552,289,539,65
546,552,547,539
546,539,547,530
547,539,552,289
547,289,530,539
222,540,83,224
553,65,540,240
223,240,224,11
222,223,553,224
222,224,553,540
553,224,223,240
553,240,540,224
431,432,106,554
356,61,432,222
355,222,554,83
431,355,356,554
431,554,356,432
356,554,355,222
356,222,432,554
431,554,106,546
543,424,546,104
355,83,554,424
431,554,543,355
431,546,543,554
543,424,355,554
543,554,546,424
432,222,61,553
554,83,222,540
552,540,553,65
432,552,554,553
432,553,554,222
554,553,552,540
554,540,222,553
546,539,104,424
554,540,424,83
552,65,539,540
546,539,554,552
546,424,554,539
554,540,552,539
554,539,424,540
272,377,17,383
549,384,383,91
536,90,377,384
272,377,549,536
272,383,549,377
549,384,536,377
549,377,383,384
550,385,91,381
547,289,381,25
552,65,385,289
550,385,547,552
550,381,547,385
547,289,552,385
547,385,381,289
537,241,90,239
553,240,239,65
223,11,241,240
537,241,553,223
537,239,553,241
553,240,223,241
553,241,239,240
433,555,106,432
422,537,432,61
536,90,555,537
433,555,422,536
433,432,422,555
422,537,536,555
422,555,432,537
433,550,106,555
549,91,550,384
536,384,555,90
433,536,549,555
433,555,549,550
549,555,536,384
549,384,550,555
432,553,61,537
555,239,537,90
552,65,553,239
432,553,555,552
432,537,555,553
555,239,552,553
555,553,537,239
550,384,91,385
555,90,384,239
552,239,385,65
550,552,555,385
550,385,555,384
555,385,552,239
555,239,384,385
129,557,7,185
556,108,557,558
184,558,185,63
129,184,556,185
129,185,556,557
556,185,184,558
556,558,557,185
559,562,108,563
560,27,562,564
561,564,563,109
559,561,560,563
559,563,560,562
560,563,561,564
560,564,562,563
281,566,63,283
565,109,566,567
282,567,283,24
281,282,565,283
281,283,565,566
565,283,282,567
565,567,566,283
435,436,107,568
280,62,436,281
184,281,568,63
435,184,280,568
435,568,280,436
280,568,184,281
280,281,436,568
435,568,107,559
556,558,559,108
184,63,568,558
435,568,556,184
435,559,556,568
556,558,184,568
556,568,559,558
436,281,62,565
568,63,281,566
561,566,565,109
436,561,568,565
436,565,568,281
568,565,561,566
568,566,281,565
559,563,108,558
568,566,558,63
561,109,563,566
559,563,568,561
559,558,568,563
568,566,561,563
568,563,558,566
569,572,27,573
570,111,572,574
571,574,573,112
569,571,570,573
569,573,570,572
570,573,571,574
570,574,572,573
575,576,111,577
238,2,576,148
243,148,577,50
575,243,238,577
575,577,238,576
238,577,243,148
238,148,576,577
578,579,112,580
389,50,579,173
390,173,580,20
578,390,389,580
578,580,389,579
389,580,390,173
389,173,579,580
438,391,92,581
439,94,391,578
571,578,581,112
438,571,439,581
438,581,439,391
439,581,571,578
439,578,391,581
438,581,92,575
570,574,575,111
571,112,581,574
438,581,570,571
438,575,570,581
570,574,571,581
570,581,575,574
391,578,94,389
581,112,578,579
243,579,389,50
391,243,581,389
391,389,581,578
581,389,243,579
581,579,578,389
575,577,111,574
581,579,574,112
243,50,577,579
575,577,581,243
575,574,581,577
581,579,243,577
581,577,574,579
362,583,24,361
582,113,583,584
360,584,361,87
362,360,582,361
362,361,582,583
582,361,360,584
582,584,583,361
585,586,113,587
293,20,586,172
292,172,587,51
585,292,293,587
585,587,293,586
293,587,292,172
293,172,586,587
226,588,87,227
189,51,588,149
138,149,227,5
226,138,189,227
226,227,189,588
189,227,138,149
189,149,588,227
440,291,67,589
363,40,291,226
360,226,589,87
440,360,363,589
440,589,363,291
363,589,360,226
363,226,291,589
440,589,67,585
582,584,585,113
360,87,589,584
440,589,582,360
440,585,582,589
582,584,360,589
582,589,585,584
291,226,40,189
589,87,226,588
292,588,189,51
291,292,589,189
291,189,589,226
589,189,292,588
589,588,226,189
585,587,113,584
589,588,584,87
292,51,587,588
585,587,589,292
585,584,589,587
589,588,292,587
589,587,584,588
508,387,25,445
509,93,387,446
590,446,445,114
508,590,509,445
508,445,509,387
509,445,590,446
509,446,387,445
510,246,93,591
358,15,246,364
365,364,591,86
510,365,358,591
510,591,358,246
358,591,365,364
358,364,246,591
592,593,114,594
366,86,593,362
282,362,594,24
592,282,366,594
592,594,366,593
366,594,282,362
366,362,593,594
442,228,85,595
443,62,228,592
590,592,595,114
442,590,443,595
442,595,443,228
443,595,590,592
443,592,228,595
442,595,85,510
509,446,510,93
590,114,595,446
442,595,509,590
442,510,509,595
509,446,590,595
509,595,510,446
228,592,62,366
595,114,592,593
365,593,366,86
228,365,595,366
228,366,595,592
595,366,365,593
595,593,592,366
510,591,93,446
595,593,446,114
365,86,591,593
510,591,595,365
510,446,595,591
595,593,365,591
595,591,446,593
508,445,25,437
596,448,437,110
590,114,445,448
508,445,596,590
508,437,596,445
596,448,590,445
596,445,437,448
597,598,110,569
560,564,569,27
561,109,598,564
597,598,560,561
597,569,560,598
560,564,561,598
560,598,569,564
592,594,114,599
565,567,599,109
282,24,594,567
592,594,565,282
592,599,565,594
565,567,282,594
565,594,599,567
444,600,107,436
443,592,436,62
590,114,600,592
444,600,443,590
444,436,443,600
443,592,590,600
443,600,436,592
444,597,107,600
596,110,597,448
590,448,600,114
444,590,596,600
444,600,596,597
596,600,590,448
596,448,597,600
436,565,62,592
600,599,592,114
561,109,565,599
436,565,600,561
436,592,600,565
600,599,561,565
600,565,592,599
597,448,110,598
600,114,448,599
561,599,598,109
597,561,600,598
597,598,600,448
600,598,561,599
600,599,448,598
246,364,15,245
591,86,364,440
244,440,245,67
246,244,591,245
246,245,591,364
591,245,244,440
591,440,364,245
593,362,86,582
594,24,362,583
601,583,582,113
593,601,594,582
593,582,594,362
594,582,601,583
594,583,362,582
394,585,67,293
602,113,585,586
390,586,293,20
394,390,602,293
394,293,602,585
602,293,390,586
602,586,585,293
446,447,114,603
393,94,447,394
244,394,603,67
446,244,393,603
446,603,393,447
393,603,244,394
393,394,447,603
446,603,114,593
591,440,593,86
244,67,603,440
446,603,591,244
446,593,591,603
591,440,244,603
591,603,593,440
447,394,94,602
603,67,394,585
601,585,602,113
447,601,603,602
447,602,603,394
603,602,601,585
603,585,394,602
593,582,86,440
603,585,440,67
601,113,582,585
593,582,603,601
593,440,603,582
603,585,601,582
603,582,440,585
569,573,27,564
598,604,564,109
571,112,573,604
569,573,598,571
569,564,598,573
598,604,571,573
598,573,564,604
599,605,109,567
594,583,567,24
601,113,605,583
599,605,594,601
599,567,594,605
594,583,601,605
594,605,567,583
578,580,112,606
602,586,606,113
390,20,580,586
578,580,602,390
578,606,602,580
602,586,390,580
602,580,606,586
448,607,114,447
439,578,447,94
571,112,607,578
448,607,439,571
448,447,439,607
439,578,571,607
439,607,447,578
448,599,114,607
598,109,599,604
571,604,607,112
448,571,598,607
448,607,598,599
598,607,571,604
598,604,599,607
447,602,94,578
607,606,578,112
601,113,602,606
447,602,607,601
447,578,607,602
607,606,601,602
607,602,578,606
599,604,109,605
607,112,604,606
601,606,605,113
599,601,607,605
599,605,607,604
607,605,601,606
607,606,604,605
249,146,2,576
254,48,146,609
608,609,576,111
249,608,254,576
249,576,254,146
254,576,608,609
254,609,146,576
408,171,48,474
409,19,171,473
610,473,474,116
408,610,409,474
408,474,409,171
409,474,610,473
409,473,171,474
611,614,111,572
612,116,614,615
613,615,572,27
611,613,612,572
611,572,612,614
612,572,613,615
612,615,614,572
410,451,99,616
450,115,451,611
608,611,616,111
410,608,450,616
410,616,450,451
450,616,608,611
450,611,451,616
410,616,99,408
254,609,408,48
608,111,616,609
410,616,254,608
410,408,254,616
254,609,608,616
254,616,408,609
451,611,115,612
616,111,611,614
610,614,612,116
451,610,616,612
451,612,616,611
616,612,610,614
616,614,611,612
408,474,48,609
616,614,609,111
610,116,474,614
408,474,616,610
408,609,616,474
616,614,610,474
616,474,609,614
300,170,19,480
299,49,170,521
617,521,480,103
300,617,299,480
300,480,299,170
299,480,617,521
299,521,170,480
192,147,49,417
145,1,147,175
199,175,417,53
192,199,145,417
192,417,145,147
145,417,199,175
145,175,147,417
618,523,103,525
313,53,523,261
314,261,525,21
618,314,313,525
618,525,313,523
313,525,314,261
313,261,523,525
298,315,47,619
452,74,315,618
617,618,619,103
298,617,452,619
298,619,452,315
452,619,617,618
452,618,315,619
298,619,47,192
299,521,192,49
617,103,619,521
298,619,299,617
298,192,299,619
299,521,617,619
299,619,192,521
315,618,74,313
619,103,618,523
199,523,313,53
315,199,619,313
315,313,619,618
619,313,199,523
619,523,618,313
192,417,49,521
619,523,521,103
199,53,417,523
192,417,619,199
192,521,619,417
619,523,199,417
619,417,521,523
620,623,27,562
621,118,623,624
622,624,562,108
620,622,621,562
620,562,621,623
621,562,622,624
621,624,623,562
625,477,118,479
264,21,477,265
263,265,479,55
625,263,264,479
625,479,264,477
264,479,263,265
264,265,477,479
626,627,108,557
176,55,627,177
132,177,557,7
626,132,176,557
626,557,176,627
176,557,132,177
176,177,627,557
454,262,54,628
455,34,262,626
622,626,628,108
454,622,455,628
454,628,455,262
455,628,622,626
455,626,262,628
454,628,54,625
621,624,625,118
622,108,628,624
454,628,621,622
454,625,621,628
621,624,622,628
621,628,625,624
262,626,34,176
628,108,626,627
263,627,176,55
262,263,628,176
262,176,628,626
628,176,263,627
628,627,626,176
625,479,118,624
628,627,624,108
263,55,479,627
625,479,628,263
625,624,628,479
628,627,263,479
628,479,624,627
257,311,18,460
513,73,311,461
629,461,460,119
257,629,513,460
257,460,513,311
513,460,629,461
513,461,311,460
515,202,73,631
516,12,202,453
630,453,631,117
515,630,516,631
515,631,516,202
516,631,630,453
516,453,202,631
632,634,119,635
633,117,634,620
613,620,635,27
632,613,633,635
632,635,633,634
633,635,613,620
633,620,634,635
457,459,102,636
458,115,459,632
629,632,636,119
457,629,458,636
457,636,458,459
458,636,629,632
458,632,459,636
457,636,102,515
513,461,515,73
629,119,636,461
457,636,513,629
457,515,513,636
513,461,629,636
513,636,515,461
459,632,115,633
636,119,632,634
630,634,633,117
459,630,636,633
459,633,636,632
636,633,630,634
636,634,632,633
515,631,73,461
636,634,461,119
630,117,631,634
515,631,636,630
515,461,636,631
636,634,630,631
636,631,461,634
257,460,18,256
255,463,256,70
629,119,460,463
257,460,255,629
257,256,255,460
255,463,629,460
255,460,256,463
413,637,70,300
409,473,300,19
610,116,637,473
413,637,409,610
413,300,409,637
409,473,610,637
409,637,300,473
632,635,119,638
612,615,638,116
613,27,635,615
632,635,612,613
632,638,612,635
612,615,613,635
612,635,638,615
412,639,99,451
458,632,451,115
629,119,639,632
412,639,458,629
412,451,458,639
458,632,629,639
458,639,451,632
412,413,99,639
255,70,413,463
629,463,639,119
412,629,255,639
412,639,255,413
255,639,629,463
255,463,413,639
451,612,115,632
639,638,632,119
610,116,612,638
451,612,639,610
451,632,639,612
639,638,610,612
639,612,632,638
413,463,70,637
639,119,463,638
610,638,637,116
413,610,639,637
413,637,639,463
639,637,610,638
639,638,463,637
202,453,12,201
631,117,453,454
200,454,201,54
202,200,631,201
202,201,631,453
631,201,200,454
631,454,453,201
634,620,117,621
635,27,620,623
640,623,621,118
634,640,635,621
634,621,635,620
635,621,640,623
635,623,620,621
318,625,54,264
641,118,625,477
314,477,264,21
318,314,641,264
318,264,641,625
641,264,314,477
641,477,625,264
461,462,119,642
317,74,462,318
200,318,642,54
461,200,317,642
461,642,317,462
317,642,200,318
317,318,462,642
461,642,119,634
631,454,634,117
200,54,642,454
461,642,631,200
461,634,631,642
631,454,200,642
631,642,634,454
462,318,74,641
642,54,318,625
640,625,641,118
462,640,642,641
462,641,642,318
642,641,640,625
642,625,318,641
634,621,117,454
642,625,454,54
640,118,621,625
634,621,642,640
634,454,642,621
642,625,640,621
642,621,454,625
300,480,19,473
637,483,473,116
617,103,480,483
300,480,637,617
300,473,637,480
637,483,617,480
637,480,473,483
638,643,116,615
635,623,615,27
640,118,643,623
638,643,635,640
638,615,635,643
635,623,640,643
635,643,615,623
618,525,103,644
641,477,644,118
314,21,525,477
618,525,641,314
618,644,641,525
641,477,314,525
641,525,644,477
463,645,119,462
452,618,462,74
617,103,645,618
463,645,452,617
463,462,452,645
452,618,617,645
452,645,462,618
463,638,119,645
637,116,638,483
617,483,645,103
463,617,637,645
463,645,637,638
637,645,617,483
637,483,638,645
462,641,74,618
645,644,618,103
640,118,641,644
462,641,645,640
462,618,645,641
645,644,640,641
645,641,618,644
638,483,116,643
645,103,483,644
640,644,643,118
638,640,645,643
638,643,645,483
645,643,640,644
645,644,483,643
137,149,5,227
247,51,149,588
232,588,227,87
137,232,247,227
137,227,247,149
247,227,232,588
247,588,149,227
395,172,51,587
396,20,172,586
646,586,587,113
395,646,396,587
395,587,396,172
396,587,646,586
396,586,172,587
372,584,87,361
647,113,584,583
373,583,361,24
372,373,647,361
372,361,647,584
647,361,373,583
647,583,584,361
397,464,95,648
370,89,464,372
232,372,648,87
397,232,370,648
397,648,370,464
370,648,232,372
370,372,464,648
397,648,95,395
247,588,395,51
232,87,648,588
397,648,247,232
397,395,247,648
247,588,232,648
247,648,395,588
464,372,89,647
648,87,372,584
646,584,647,113
464,646,648,647
464,647,648,372
648,647,646,584
648,584,372,647
395,587,51,588
648,584,588,87
646,113,587,584
395,587,648,646
395,588,648,587
648,584,646,587
648,587,588,584
402,173,20,580
401,50,173,579
649,579,580,112
402,649,401,580
402,580,401,173
401,580,649,579
401,579,173,580
248,148,50,577
249,2,148,576
608,576,577,111
248,608,249,577
248,577,249,148
249,577,608,576
249,576,148,577
650,574,112,573
611,111,574,572
613,572,573,27
650,613,611,573
650,573,611,574
611,573,613,572
611,572,574,573
398,450,97,651
465,115,450,650
649,650,651,112
398,649,465,651
398,651,465,450
465,651,649,650
465,650,450,651
398,651,97,248
401,579,248,50
649,112,651,579
398,651,401,649
398,248,401,651
401,579,649,651
401,651,248,579
450,650,115,611
651,112,650,574
608,574,611,111
450,608,651,611
450,611,651,650
651,611,608,574
651,574,650,611
248,577,50,579
651,574,579,112
608,111,577,574
248,577,651,608
248,579,651,577
651,574,608,577
651,577,579,574
368,567,24,283
652,109,567,566
367,566,283,63
368,367,652,283
368,283,652,567
652,283,367,566
652,566,567,283
653,564,109,563
620,27,564,562
622,562,563,108
653,622,620,563
653,563,620,564
620,563,622,562
620,562,564,563
231,558,63,185
626,108,558,557
132,557,185,7
231,132,626,185
231,185,626,558
626,185,132,557
626,557,558,185
466,455,117,654
369,34,455,231
367,231,654,63
466,367,369,654
466,654,369,455
369,654,367,231
369,231,455,654
466,654,117,653
652,566,653,109
367,63,654,566
466,654,652,367
466,653,652,654
652,566,367,654
652,654,653,566
455,231,34,626
654,63,231,558
622,558,626,108
455,622,654,626
455,626,654,231
654,626,622,558
654,558,231,626
653,563,109,566
654,558,566,63
622,108,563,558
653,563,654,622
653,566,654,563
654,558,622,563
654,563,566,558
296,456,26,469
518,102,456,470
655,470,469,120
296,655,518,469
296,469,518,456
518,469,655,470
518,470,456,469
519,516,102,656
234,12,516,235
233,235,656,88
519,233,234,656
519,656,234,516
234,656,233,235
234,235,516,656
657,658,120,659
374,88,658,368
373,368,659,24
657,373,374,659
657,659,374,658
374,659,373,368
374,368,658,659
467,375,64,660
468,89,375,657
655,657,660,120
467,655,468,660
467,660,468,375
468,660,655,657
468,657,375,660
467,660,64,519
518,470,519,102
655,120,660,470
467,660,518,655
467,519,518,660
518,470,655,660
518,660,519,470
375,657,89,374
660,120,657,658
233,658,374,88
375,233,660,374
375,374,660,657
660,374,233,658
660,658,657,374
519,656,102,470
660,658,470,120
233,88,656,658
519,656,660,233
519,470,660,656
660,658,233,656
660,656,470,658
296,469,26,400
404,472,400,96
655,120,469,472
296,469,404,655
296,400,404,469
404,472,655,469
404,469,400,472
403,661,96,402
396,586,402,20
646,113,661,586
403,661,396,646
403,402,396,661
396,586,646,661
396,661,402,586
657,659,120,662
647,583,662,113
373,24,659,583
657,659,647,373
657,662,647,659
647,583,373,659
647,659,662,583
250,663,95,464
468,657,464,89
655,120,663,657
250,663,468,655
250,464,468,663
468,657,655,663
468,663,464,657
250,403,95,663
404,96,403,472
655,472,663,120
250,655,404,663
250,663,404,403
404,663,655,472
404,472,403,663
464,647,89,657
663,662,657,120
646,113,647,662
464,647,663,646
464,657,663,647
663,662,646,647
663,647,657,662
403,472,96,661
663,120,472,662
646,662,661,113
403,646,663,661
403,661,663,472
663,661,646,662
663,662,472,661
516,235,12,453
656,88,235,466
630,466,453,117
516,630,656,453
516,453,656,235
656,453,630,466
656,466,235,453
658,368,88,652
659,24,368,567
664,567,652,109
658,664,659,652
658,652,659,368
659,652,664,567
659,567,368,652
633,653,117,620
665,109,653,564
613,564,620,27
633,613,665,620
633,620,665,653
665,620,613,564
665,564,653,620
470,471,120,666
459,115,471,633
630,633,666,117
470,630,459,666
470,666,459,471
459,666,630,633
459,633,471,666
470,666,120,658
656,466,658,88
630,117,666,466
470,666,656,630
470,658,656,666
656,466,630,666
656,666,658,466
471,633,115,665
666,117,633,653
664,653,665,109
471,664,666,665
471,665,666,633
666,665,664,653
666,653,633,665
658,652,88,466
666,653,466,117
664,109,652,653
658,652,666,664
658,466,666,652
666,653,664,652
666,652,466,653
402,580,20,586
661,606,586,113
649,112,580,606
402,580,661,649
402,586,661,580
661,606,649,580
661,580,586,606
662,605,113,583
659,567,583,24
664,109,605,567
662,605,659,664
662,583,659,605
659,567,664,605
659,605,583,567
650,573,112,604
665,564,604,109
613,27,573,564
650,573,665,613
650,604,665,573
665,564,613,573
665,573,604,564
472,667,120,471
465,650,471,115
649,112,667,650
472,667,465,649
472,471,465,667
465,650,649,667
465,667,471,650
472,662,120,667
661,113,662,606
649,606,667,112
472,649,661,667
472,667,661,662
661,667,649,606
661,606,662,667
471,665,115,650
667,604,650,112
664,109,665,604
471,665,667,664
471,650,667,665
667,604,664,665
667,665,650,604
662,606,113,605
667,112,606,604
664,604,605,109
662,664,667,605
662,605,667,606
667,605,664,604
667,604,606,605
146,205,2,576
204,77,205,668
609,668,576,111
146,609,204,576
146,576,204,205
204,576,609,668
204,668,205,576
322,323,77,670
324,22,323,671
669,671,670,121
322,669,324,670
322,670,324,323
324,670,669,671
324,671,323,670
614,673,111,572
672,121,673,674
615,674,572,27
614,615,672,572
614,572,672,673
672,572,615,674
672,674,673,572
325,475,76,675
474,116,475,614
609,614,675,111
325,609,474,675
325,675,474,475
474,675,609,614
474,614,475,675
325,675,76,322
204,668,322,77
609,111,675,668
325,675,204,609
325,322,204,675
204,668,609,675
204,675,322,668
475,614,116,672
675,111,614,673
669,673,672,121
475,669,675,672
475,672,675,614
675,672,669,673
675,673,614,672
322,670,77,668
675,673,668,111
669,121,670,673
322,670,675,669
322,668,675,670
675,673,669,670
675,670,668,673
268,269,22,677
267,57,269,678
676,678,677,122
268,676,267,677
268,677,267,269
267,677,676,678
267,678,269,677
178,179,57,679
127,4,179,134
193,134,679,36
178,193,127,679
178,679,127,179
127,679,193,134
127,134,179,679
680,681,122,682
301,36,681,159
302,159,682,13
680,302,301,682
680,682,301,681
301,682,302,159
301,159,681,682
266,303,29,683
476,71,303,680
676,680,683,122
266,676,476,683
266,683,476,303
476,683,676,680
476,680,303,683
266,683,29,178
267,678,178,57
676,122,683,678
266,683,267,676
266,178,267,683
267,678,676,683
267,683,178,678
303,680,71,301
683,122,680,681
193,681,301,36
303,193,683,301
303,301,683,680
683,301,193,681
683,681,680,301
178,679,57,678
683,681,678,122
193,36,679,681
178,679,683,193
178,678,683,679
683,681,193,679
683,679,678,681
623,685,27,562
684,123,685,686
624,686,562,108
623,624,684,562
623,562,684,685
684,562,624,686
684,686,685,562
687,688,123,689
307,13,688,158
306,158,689,37
687,306,307,689
687,689,307,688
307,689,306,158
307,158,688,689
627,690,108,557
194,37,690,135
177,135,557,7
627,177,194,557
627,557,194,690
194,557,177,135
194,135,690,557
478,304,72,691
479,55,304,627
624,627,691,108
478,624,479,691
478,691,479,304
479,691,624,627
479,627,304,691
478,691,72,687
684,686,687,123
624,108,691,686
478,691,684,624
478,687,684,691
684,686,624,691
684,691,687,686
304,627,55,194
691,108,627,690
306,690,194,37
304,306,691,194
304,194,691,627
691,194,306,690
691,690,627,194
687,689,123,686
691,690,686,108
306,37,689,690
687,689,691,306
687,686,691,689
691,690,306,689
691,689,686,690
208,196,9,484
522,52,196,485
692,485,484,124
208,692,522,484
208,484,522,196
522,484,692,485
522,485,196,484
524,260,52,693
525,21,260,477
644,477,693,118
524,644,525,693
524,693,525,260
525,693,644,477
525,477,260,693
694,695,124,696
643,118,695,623
615,623,696,27
694,615,643,696
694,696,643,695
643,696,615,623
643,623,695,696
481,483,103,697
482,116,483,694
692,694,697,124
481,692,482,697
481,697,482,483
482,697,692,694
482,694,483,697
481,697,103,524
522,485,524,52
692,124,697,485
481,697,522,692
481,524,522,697
522,485,692,697
522,697,524,485
483,694,116,643
697,124,694,695
644,695,643,118
483,644,697,643
483,643,697,694
697,643,644,695
697,695,694,643
524,693,52,485
697,695,485,124
644,118,693,695
524,693,697,644
524,485,697,693
697,695,644,693
697,693,485,695
208,484,9,207
206,487,207,56
692,124,484,487
208,484,206,692
208,207,206,484
206,487,692,484
206,484,207,487
328,698,56,268
324,671,268,22
669,121,698,671
328,698,324,669
328,268,324,698
324,671,669,698
324,698,268,671
694,696,124,699
672,674,699,121
615,27,696,674
694,696,672,615
694,699,672,696
672,674,615,696
672,696,699,674
327,700,76,475
482,694,475,116
692,124,700,694
327,700,482,692
327,475,482,700
482,694,692,700
482,700,475,694
327,328,76,700
206,56,328,487
692,487,700,124
327,692,206,700
327,700,206,328
206,700,692,487
206,487,328,700
475,672,116,694
700,699,694,124
669,121,672,699
475,672,700,669
475,694,700,672
700,699,669,672
700,672,694,699
328,487,56,698
700,124,487,699
669,699,698,121
328,669,700,698
328,698,700,487
700,698,669,699
700,699,487,698
260,477,21,305
693,118,477,478
309,478,305,72
260,309,693,305
260,305,693,477
693,305,309,478
693,478,477,305
695,623,118,684
696,27,623,685
701,685,684,123
695,701,696,684
695,684,696,623
696,684,701,685
696,685,623,684
308,687,72,307
702,123,687,688
302,688,307,13
308,302,702,307
308,307,702,687
702,307,302,688
702,688,687,307
485,486,124,703
195,71,486,308
309,308,703,72
485,309,195,703
485,703,195,486
195,703,309,308
195,308,486,703
485,703,124,695
693,478,695,118
309,72,703,478
485,703,693,309
485,695,693,703
693,478,309,703
693,703,695,478
486,308,71,702
703,72,308,687
701,687,702,123
486,701,703,702
486,702,703,308
703,702,701,687
703,687,308,702
695,684,118,478
703,687,478,72
701,123,684,687
695,684,703,701
695,478,703,684
703,687,701,684
703,684,478,687
268,677,22,671
698,704,671,121
676,122,677,704
268,677,698,676
268,671,698,677
698,704,676,677
698,677,671,704
699,705,121,674
696,685,674,27
701,123,705,685
699,705,696,701
699,674,696,705
696,685,701,705
696,705,674,685
680,682,122,706
702,688,706,123
302,13,682,688
680,682,702,302
680,706,702,682
702,688,302,682
702,682,706,688
487,707,124,486
476,680,486,71
676,122,707,680
487,707,476,676
487,486,476,707
476,680,676,707
476,707,486,680
487,699,124,707
698,121,699,704
676,704,707,122
487,676,698,707
487,707,698,699
698,707,676,704
698,704,699,707
486,702,71,680
707,706,680,122
701,123,702,706
486,702,707,701
486,680,707,702
707,706,701,702
707,702,680,706
699,704,121,705
707,122,704,706
701,706,705,123
699,701,707,705
699,705,707,704
707,705,701,706
707,706,704,705
129,135,7,557
214,37,135,690
556,690,557,108
129,556,214,557
129,557,214,135
214,557,556,690
214,690,135,557
338,158,37,689
339,13,158,688
708,688,689,123
338,708,339,689
338,689,339,158
339,689,708,688
339,688,158,689
559,686,108,562
709,123,686,685
560,685,562,27
559,560,709,562
559,562,709,686
709,562,560,685
709,685,686,562
340,488,80,710
435,107,488,559
556,559,710,108
340,556,435,710
340,710,435,488
435,710,556,559
435,559,488,710
340,710,80,338
214,690,338,37
556,108,710,690
340,710,214,556
340,338,214,710
214,690,556,710
214,710,338,690
488,559,107,709
710,108,559,686
708,686,709,123
488,708,710,709
488,709,710,559
710,709,708,686
710,686,559,709
338,689,37,690
710,686,690,108
708,123,689,686
338,689,710,708
338,690,710,689
710,686,708,689
710,689,690,686
345,159,13,682
344,36,159,681
711,681,682,122
345,711,344,682
345,682,344,159
344,682,711,681
344,681,159,682
215,134,36,679
216,4,134,179
414,179,679,57
215,414,216,679
215,679,216,134
216,679,414,179
216,179,134,679
712,678,122,677
502,57,678,269
426,269,677,22
712,426,502,677
712,677,502,678
502,677,426,269
502,269,678,677
341,491,82,713
490,100,491,712
711,712,713,122
341,711,490,713
341,713,490,491
490,713,711,712
490,712,491,713
341,713,82,215
344,681,215,36
711,122,713,681
341,713,344,711
341,215,344,713
344,681,711,713
344,713,215,681
491,712,100,502
713,122,712,678
414,678,502,57
491,414,713,502
491,502,713,712
713,502,414,678
713,678,712,502
215,679,36,681
713,678,681,122
414,57,679,678
215,679,713,414
215,681,713,679
713,678,414,679
713,679,681,678
569,674,27,572
714,121,674,673
570,673,572,111
569,570,714,572
569,572,714,674
714,572,570,673
714,673,674,572
715,671,121,670
419,22,671,323
420,323,670,77
715,420,419,670
715,670,419,671
419,670,420,323
419,323,671,670
575,668,111,576
532,77,668,205
238,205,576,2
575,238,532,576
575,576,532,668
532,576,238,205
532,205,668,576
493,494,105,716
438,92,494,575
570,575,716,111
493,570,438,716
493,716,438,494
438,716,570,575
438,575,494,716
493,716,105,715
714,673,715,121
570,111,716,673
493,716,714,570
493,715,714,716
714,673,570,716
714,716,715,673
494,575,92,532
716,111,575,668
420,668,532,77
494,420,716,532
494,532,716,575
716,532,420,668
716,668,575,532
715,670,121,673
716,668,673,111
420,77,670,668
715,670,716,420
715,673,716,670
716,668,420,670
716,670,673,668
275,423,23,497
527,104,423,498
717,498,497,125
275,717,527,497
275,497,527,423
527,497,717,498
527,498,423,497
529,530,104,718
508,25,530,437
596,437,718,110
529,596,508,718
529,718,508,530
508,718,596,437
508,437,530,718
719,720,125,721
597,110,720,569
560,569,721,27
719,560,597,721
719,721,597,720
597,721,560,569
597,569,720,721
495,444,101,722
496,107,444,719
717,719,722,125
495,717,496,722
495,722,496,444
496,722,717,719
496,719,444,722
495,722,101,529
527,498,529,104
717,125,722,498
495,722,527,717
495,529,527,722
527,498,717,722
527,722,529,498
444,719,107,597
722,125,719,720
596,720,597,110
444,596,722,597
444,597,722,719
722,597,596,720
722,720,719,597
529,718,104,498
722,720,498,125
596,110,718,720
529,718,722,596
529,498,722,718
722,720,596,718
722,718,498,720
275,497,23,343
347,501,343,81
717,125,497,501
275,497,347,717
275,343,347,497
347,501,717,497
347,497,343,501
346,723,81,345
339,688,345,13
708,123,723,688
346,723,339,708
346,345,339,723
339,688,708,723
339,723,345,688
719,721,125,724
709,685,724,123
560,27,721,685
719,721,709,560
719,724,709,721
709,685,560,721
709,721,724,685
217,725,80,488
496,719,488,107
717,125,725,719
217,725,496,717
217,488,496,725
496,719,717,725
496,725,488,719
217,346,80,725
347,81,346,501
717,501,725,125
217,717,347,725
217,725,347,346
347,725,717,501
347,501,346,725
488,709,107,719
725,724,719,125
708,123,709,724
488,709,725,708
488,719,725,709
725,724,708,709
725,709,719,724
346,501,81,723
725,125,501,724
708,724,723,123
346,708,725,723
346,723,725,501
725,723,708,724
725,724,501,723
530,437,25,492
718,110,437,493
545,493,492,105
530,545,718,492
530,492,718,437
718,492,545,493
718,493,437,492
720,569,110,714
721,27,569,674
726,674,714,121
720,726,721,714
720,714,721,569
721,714,726,674
721,674,569,714
429,715,105,419
727,121,715,671
426,671,419,22
429,426,727,419
429,419,727,715
727,419,426,671
727,671,715,419
498,500,125,728
499,100,500,429
545,429,728,105
498,545,499,728
498,728,499,500
499,728,545,429
499,429,500,728
498,728,125,720
718,493,720,110
545,105,728,493
498,728,718,545
498,720,718,728
718,493,545,728
718,728,720,493
500,429,100,727
728,105,429,715
726,715,727,121
500,726,728,727
500,727,728,429
728,727,726,715
728,715,429,727
720,714,110,493
728,715,493,105
726,121,714,715
720,714,728,726
720,493,728,714
728,715,726,714
728,714,493,715
345,682,13,688
723,706,688,123
711,122,682,706
345,682,723,711
345,688,723,682
723,706,711,682
723,682,688,706
724,705,123,685
721,674,685,27
726,121,705,674
724,705,721,726
724,685,721,705
721,674,726,705
721,705,685,674
712,677,122,704
727,671,704,121
426,22,677,671
712,677,727,426
712,704,727,677
727,671,426,677
727,677,704,671
501,729,125,500
490,712,500,100
711,122,729,712
501,729,490,711
501,500,490,729
490,712,711,729
490,729,500,712
501,724,125,729
723,123,724,706
711,706,729,122
501,711,723,729
501,729,723,724
723,729,711,706
723,706,724,729
500,727,100,712
729,704,712,122
726,121,727,704
500,727,729,726
500,712,729,727
729,704,726,727
729,727,712,704
724,706,123,705
729,122,706,704
726,704,705,121
724,726,729,705
724,705,729,706
729,705,726,704
729,704,706,705
